TABLE NO.  1
ID TIME TAD MDV DV AGE SEX age.group
104 1.08 1.08 0 -1.177808 27 2 (22,30]
104 2.12 2.12 0 -0.33248472 27 2 (22,30]
104 4.07 4.07 0 0.32959592 27 2 (22,30]
104 5.92 5.92 0 0.38634059 27 2 (22,30]
105 1.07 1.07 0 0.24284376 37 2 (30,50]
105 1.92 1.92 0 0.68466032 37 2 (30,50]
105 3.9 3.9 0 0.50103769 37 2 (30,50]
105 5.83 5.83 0 0.43632521 37 2 (30,50]
106 1 1 0 -0.07041741 29 2 (22,30]
106 1.95 1.95 0 0.70656093 29 2 (22,30]
106 3.63 3.63 0 0.23257001 29 2 (22,30]
106 5.78 5.78 0 -0.037268927 29 2 (22,30]
107 0.97 0.97 0 0.71540553 31 2 (30,50]
107 2.05 2.05 0 0.70734726 31 2 (30,50]
107 4.05 4.05 0 0.39901367 31 2 (30,50]
107 5.88 5.88 0 0.18465713 31 2 (30,50]
108 0.97 0.97 0 1.5014012 30 2 (22,30]
108 1.83 1.83 0 0.99789854 30 2 (22,30]
108 3.8 3.8 0 0.45768779 30 2 (22,30]
109 0.83 0.83 0 0.57907278 35 2 (30,50]
109 1.83 1.83 0 0.16599233 35 2 (30,50]
109 3.83 3.83 0 0.10214723 35 2 (30,50]
109 5.75 5.75 0 -0.13471543 35 2 (30,50]
111 1.02 1.02 0 0.17015042 23 1 (22,30]
111 1.92 1.92 0 0.12192492 23 1 (22,30]
111 4 4 0 -0.30017595 23 1 (22,30]
111 5.83 5.83 0 -0.58229116 23 1 (22,30]
112 1.18 1.18 0 -0.0079137629 34 2 (30,50]
112 2.17 2.17 0 0.15832362 34 2 (30,50]
112 3.88 3.88 0 -0.27677207 34 2 (30,50]
112 5.87 5.87 0 -0.59882988 34 2 (30,50]
113 0.92 0.92 0 0.824598 29 1 (22,30]
113 2 2 0 0.42321948 29 1 (22,30]
113 3.83 3.83 0 -0.29641269 29 1 (22,30]
113 5.83 5.83 0 -0.6130229 29 1 (22,30]
114 1.08 1.08 0 0.35479207 35 2 (30,50]
114 2.08 2.08 0 0.028241315 35 2 (30,50]
114 4 4 0 -0.26995 35 2 (30,50]
114 5.83 5.83 0 -0.56593986 35 2 (30,50]
115 1.25 1.25 0 -0.053375254 28 1 (22,30]
115 2.25 2.25 0 0.38901432 28 1 (22,30]
115 4.17 4.17 0 -0.22734242 28 1 (22,30]
115 6.18 6.18 0 -0.55276648 28 1 (22,30]
117 1 1 0 -1.2628035 24 1 (22,30]
117 2.08 2.08 0 -0.6106684 24 1 (22,30]
117 4 4 0 -0.53024411 24 1 (22,30]
117 8 8 0 0.80550963 24 1 (22,30]
118 1 1 0 0.099664647 27 1 (22,30]
118 2 2 0 -0.1501581 27 1 (22,30]
118 4 4 0 -0.14878969 27 1 (22,30]
118 6.13 6.13 0 -0.2636882 27 1 (22,30]
119 1.08 1.08 0 0.20667059 30 2 (22,30]
119 2.03 2.03 0 0.25799258 30 2 (22,30]
119 4.25 4.25 0 0.079850718 30 2 (22,30]
119 7.95 7.95 0 -0.10912678 30 2 (22,30]
120 0.97 0.97 0 -0.81547678 33 1 (30,50]
120 1.97 1.97 0 -0.21558795 33 1 (30,50]
120 4.07 4.07 0 -0.1688777 33 1 (30,50]
120 8.1 8.1 0 -0.52158058 33 1 (30,50]
121 1 1 0 -3.5295216 27 2 (22,30]
121 2.03 2.03 0 -3.0639052 27 2 (22,30]
121 4 4 0 0.68979005 27 2 (22,30]
121 6 6 0 0.67098637 27 2 (22,30]
122 1 1 0 0.51945399 31 1 (30,50]
122 2 2 0 0.34440508 31 1 (30,50]
122 4 4 0 -0.30057123 31 1 (30,50]
122 6 6 0 -0.55814228 31 1 (30,50]
123 1.02 1.02 0 -0.1894205 32 1 (30,50]
123 2 2 0 0.43999192 32 1 (30,50]
123 4 4 0 0.027316396 32 1 (30,50]
123 6 6 0 -0.23313742 32 1 (30,50]
132 1.02 1.02 0 -0.56851653 34 1 (30,50]
132 1.92 1.92 0 -0.39624307 34 1 (30,50]
132 3.87 3.87 0 -0.097712551 34 1 (30,50]
132 5.9 5.9 0 -0.13629407 34 1 (30,50]
134 0.98 0.98 0 -0.43476523 29 1 (22,30]
134 1.92 1.92 0 -0.40136649 29 1 (22,30]
134 3.92 3.92 0 -0.92496167 29 1 (22,30]
135 1 1 0 -0.63319552 35 1 (30,50]
135 2.03 2.03 0 -0.49845388 35 1 (30,50]
135 4 4 0 -0.4716667 35 1 (30,50]
135 5.75 5.75 0 -0.55608797 35 1 (30,50]
136 1 1 0 -0.43146537 37 2 (30,50]
136 2.33 2.33 0 -0.39425432 37 2 (30,50]
136 3.97 3.97 0 -0.55555342 37 2 (30,50]
136 7.75 7.75 0 -0.43879409 37 2 (30,50]
137 0.85 0.85 0 1.5620837 29 2 (22,30]
137 1.97 1.97 0 1.166606 29 2 (22,30]
137 3.83 3.83 0 0.73074411 29 2 (22,30]
137 5.73 5.73 0 0.6478004 29 2 (22,30]
138 0.98 0.98 0 -0.35045 30 2 (22,30]
138 1.97 1.97 0 0.38916169 30 2 (22,30]
138 3.85 3.85 0 -0.36066064 30 2 (22,30]
138 5.87 5.87 0 -0.62640362 30 2 (22,30]
139 0.97 0.97 0 0.64030052 31 2 (30,50]
139 1.98 1.98 0 0.13366997 31 2 (30,50]
139 3.92 3.92 0 -0.31393859 31 2 (30,50]
139 5.83 5.83 0 -0.47443184 31 2 (30,50]
140 1.02 1.02 0 0.55372618 30 1 (22,30]
140 2.05 2.05 0 -0.14144996 30 1 (22,30]
140 4.05 4.05 0 -0.26205456 30 1 (22,30]
140 5.92 5.92 0 -1.0259318 30 1 (22,30]
141 1 1 0 0.32146098 30 1 (22,30]
141 2.2 2.2 0 0.00042579844 30 1 (22,30]
141 4 4 0 -0.55024509 30 1 (22,30]
141 7.92 7.92 0 -1.1091432 30 1 (22,30]
142 1 1 0 0.81115143 28 2 (22,30]
142 2 2 0 0.025875168 28 2 (22,30]
142 4 4 0 -0.6153904 28 2 (22,30]
142 8 8 0 -0.87426151 28 2 (22,30]
143 1.05 1.05 0 -0.29338152 33 1 (30,50]
143 2 2 0 -0.1736505 33 1 (30,50]
143 4.02 4.02 0 -0.99778242 33 1 (30,50]
143 6 6 0 -0.78007084 33 1 (30,50]
144 1.1 1.1 0 0.6202115 35 2 (30,50]
144 2.1 2.1 0 0.33996325 35 2 (30,50]
144 4.28 4.28 0 -0.21469112 35 2 (30,50]
144 5.82 5.82 0 -0.31680681 35 2 (30,50]
145 1 1 0 -1.8108892 33 1 (30,50]
145 2 2 0 -0.55354237 33 1 (30,50]
145 4 4 0 -0.214717 33 1 (30,50]
145 6 6 0 0.12047357 33 1 (30,50]
146 1 1 0 0.24626818 27 1 (22,30]
146 2 2 0 -0.077918646 27 1 (22,30]
146 4 4 0 -0.2702331 27 1 (22,30]
146 6 6 0 -0.37879184 27 1 (22,30]
147 1 1 0 0.15726833 30 2 (22,30]
147 2 2 0 -0.050018717 30 2 (22,30]
147 4 4 0 -0.33200774 30 2 (22,30]
147 6 6 0 -0.45158734 30 2 (22,30]
170 0.98 0.98 0 0.51883912 31 2 (30,50]
170 2 2 0 0.74342488 31 2 (30,50]
170 4.03 4.03 0 0.80470027 31 2 (30,50]
170 6 6 0 0.53397511 31 2 (30,50]
171 1.02 1.02 0 0.68532671 32 2 (30,50]
171 2.03 2.03 0 0.0069425814 32 2 (30,50]
171 4.07 4.07 0 0.16004278 32 2 (30,50]
171 6.07 6.07 0 -0.18707904 32 2 (30,50]
172 1.02 1.02 0 0.24600567 36 2 (30,50]
172 2.05 2.05 0 -0.027087583 36 2 (30,50]
172 4 4 0 -0.025332395 36 2 (30,50]
172 6.05 6.05 0 -0.17254424 36 2 (30,50]
173 1 1 0 -0.037743046 27 2 (22,30]
173 2 2 0 0.192909 27 2 (22,30]
173 4.17 4.17 0 -0.035775856 27 2 (22,30]
173 6 6 0 -0.1660702 27 2 (22,30]
174 0.97 0.97 0 0.77957977 29 2 (22,30]
174 1.97 1.97 0 0.81926037 29 2 (22,30]
174 3.97 3.97 0 -0.11550812 29 2 (22,30]
174 5.97 5.97 0 -0.45807631 29 2 (22,30]
175 1.05 1.05 0 -0.95101211 35 1 (30,50]
175 2.07 2.07 0 0.32926621 35 1 (30,50]
175 4.03 4.03 0 0.045773692 35 1 (30,50]
175 6.05 6.05 0 0.093126064 35 1 (30,50]
176 1.12 1.12 0 -2.2379461 32 2 (30,50]
176 2.08 2.08 0 -0.82593628 32 2 (30,50]
176 3.97 3.97 0 0.21677701 32 2 (30,50]
176 6.03 6.03 0 0.65635496 32 2 (30,50]
177 1 1 0 -1.1148468 33 1 (30,50]
177 2 2 0 -0.088338903 33 1 (30,50]
177 4 4 0 -0.24013327 33 1 (30,50]
177 6 6 0 -0.30459081 33 1 (30,50]
178 1.03 1.03 0 0.55356527 34 1 (30,50]
178 2.03 2.03 0 0.51530561 34 1 (30,50]
178 4.03 4.03 0 0.064967013 34 1 (30,50]
178 6.03 6.03 0 0.24869178 34 1 (30,50]
179 1 1 0 0.42874853 35 1 (30,50]
179 2 2 0 0.54553923 35 1 (30,50]
179 4 4 0 0.34830938 35 1 (30,50]
179 6 6 0 0.19193357 35 1 (30,50]
180 1 1 0 -0.97622469 35 1 (30,50]
180 2 2 0 -0.22574906 35 1 (30,50]
180 4 4 0 -0.17027381 35 1 (30,50]
180 6 6 0 -0.43254082 35 1 (30,50]
181 1 1 0 1.2178877 32 2 (30,50]
181 2 2 0 0.4057936 32 2 (30,50]
181 4 4 0 -0.050856699 32 2 (30,50]
181 6 6 0 -0.23598585 32 2 (30,50]
107 2.13 2.13 0 -0.24729239 44 2 (30,50]
110 2.07 2.07 0 0.10745522 39 2 (30,50]
113 2.3 2.3 0 0.39412381 48 2 (30,50]
124 2.13 2.13 0 0.38802368 41 2 (30,50]
125 1.83 1.83 0 -0.65145527 41 1 (30,50]
126 1.92 1.92 0 0.95499052 38 2 (30,50]
129 2.03 2.03 0 0.20209455 41 1 (30,50]
130 2 2 0 0.077089813 48 1 (30,50]
131 2.03 2.03 0 0.54012929 48 2 (30,50]
133 2.08 2.08 0 -0.9206683 48 2 (30,50]
135 2.05 2.05 0 -0.60187311 46 2 (30,50]
136 3.5 3.5 0 -0.18761934 44 2 (30,50]
148 2 2 0 0.92765267 45 1 (30,50]
149 2 2 0 0.69869055 42 2 (30,50]
150 2.03 2.03 0 0.030393952 43 2 (30,50]
151 2 2 0 0.64961361 44 1 (30,50]
152 2 2 0 0.029341272 38 1 (30,50]
153 2 2 0 1.0295685 41 1 (30,50]
154 2 2 0 0.81594424 43 2 (30,50]
155 2.1 2.1 0 0.74676189 42 2 (30,50]
156 2.12 2.12 0 0.50161219 43 2 (30,50]
157 2 2 0 0.83678738 42 1 (30,50]
158 2.05 2.05 0 0.32000126 40 2 (30,50]
159 2.12 2.12 0 0.35174508 39 2 (30,50]
160 2 2 0 -2.0342915 48 2 (30,50]
161 2 2 0 0.35847328 39 1 (30,50]
162 2.02 2.02 0 0.87823243 40 2 (30,50]
163 2.02 2.02 0 0.72849117 44 2 (30,50]
164 2 2 0 0.72248337 39 1 (30,50]
165 2 2 0 0.70751058 42 2 (30,50]
166 2 2 0 0.38193965 42 2 (30,50]
167 2 2 0 0.91028986 47 2 (30,50]
168 2 2 0 0.066007798 49 1 (30,50]
169 2 2 0 -0.85749313 50 2 (30,50]
182 2 2 0 0.028177087 39 2 (30,50]
184 2 2 0 0.55941643 38 2 (30,50]
185 2 2 0 0.35049032 46 1 (30,50]
186 2 2 0 1.2584642 44 2 (30,50]
187 2 2 0 -1.6419091 43 2 (30,50]
188 2 2 0 0.21430838 39 2 (30,50]
189 2 2 0 0.14273996 40 1 (30,50]
190 2.05 2.05 0 -0.52289131 44 1 (30,50]
191 2 2 0 -2.2074932 40 1 (30,50]
192 2 2 0 0.72726724 41 1 (30,50]
193 1.92 1.92 0 -0.075755155 42 1 (30,50]
194 2 2 0 0.68723188 40 1 (30,50]
196 2.17 2.17 0 0.52324499 46 1 (30,50]
197 2.02 2.02 0 0.019744741 43 1 (30,50]
198 2 2 0 0.80410113 43 2 (30,50]
199 2 2 0 0.48588556 42 2 (30,50]
